#Data File for Pacific Hake Assessment
#Built by N. Fisch

#Ageing error indicator, (0=off, 1=on)
1

#Bias ramp indicator, (0=off, 1=on)
0

#Start Year
1966
#End Year
2020

#First Age Bin
0
#Last Age Bin
20

#First age for composition data
1
#Last age for composition data
15

#Catch Fleet 1
137700.0
214370.0
122180.0
180130.0
234590.0
154620.0
117540.0
162640.0
211260.0
221350.0
237520.0
132690.0
103637.4
137110.0
89929.9
139119.7
107740.9
113931.0
138492.1
110399.2
210615.9
234147.6
248839.6
298079.0
261286.1
319705.4
299650.3
198905.1
362406.8
249495.4
306298.5
325146.8
320722.3
311886.7
228776.8
227525.2
180697.4
205162.4
342307.2
363134.6
361699.0
291247.2
323101.2
178683.3
228059.3
287333.9
207203.4
285827.6
299259.5
193843.9
332070.0
440949.8
413718.7
411574
379270

#Catch SE Fleet 1
0.01

#Number of years with CPUE
13

#CPUE years and Composition fleet 2 years
1995 1998 2001 2003 2005 2007 2009 2011 2012 2013 2015 2017 2019

#CPUE data
1318035
1569148
861744 
2137528
1376099
942721 
1502273
674617 
1279421
1929235
2155853
1417811
1722611

#CPUE SE
0.0859
0.0460
0.1020
0.0619
0.0616
0.0738
0.0957
0.1133
0.0647
0.0620
0.0809
0.0632
0.0619

#Composition Data Fleet 1

#Comp Flt1 fyear
1975
#Comp Flt1 lyear
2020

#Comp Flt1 month
7

#AE definitions Flt1
3 48

#Comp 1 SS
13
142
320
341
116
221
154
170
117
123
57
120
56
84
80
163
160
243
172
235
147
186
220
243
509
530
540
449
456
501
613
720
629
794
685
874
1079
851
1094
1153
798
1440
1300
1174
1001
703

#Composition Fleet 1
4.608 33.846 7.432 1.248 25.397 5.546 8.031 10.537 0.953 0.603 0.871 0.451 0 0.476 0
0.085 1.337 14.474 6.742 4.097 24.582 9.766 8.899 12.099 5.431 4.303 4.075 1.068 2.355 0.687
0 8.448 3.683 27.473 3.594 9.106 22.682 7.599 6.544 4.016 3.55 2.308 0.572 0.308 0.119
0.472 1.11 6.511 6.31 26.416 6.091 8.868 21.505 9.776 4.711 4.68 2.339 0.522 0.353 0.337
0 6.492 10.241 9.382 5.721 17.666 10.256 17.37 12.762 4.18 2.876 0.963 1.645 0 0.445
0.148 0.544 30.087 1.855 4.488 8.165 11.227 5.012 8.941 11.076 9.46 2.628 3.785 1.516 1.068
19.493 4.03 1.403 26.726 3.901 5.548 3.376 14.675 3.769 3.195 10.185 2.313 0.504 0.163 0.72
0 32.05 3.521 0.486 27.347 1.526 3.68 3.894 11.764 3.268 3.611 7.645 0.241 0.302 0.664
0 0 34.144 3.997 1.825 23.458 5.126 5.647 5.3 9.383 3.91 3.128 2.259 1.13 0.695
0 0 1.393 61.904 3.625 3.849 16.778 2.853 1.509 1.239 3.342 0.923 0.586 1.439 0.561
0.925 0.111 0.348 7.241 66.755 8.407 5.605 7.106 2.042 0.53 0.654 0.246 0 0 0.032
0 15.344 5.385 0.527 0.761 43.634 6.897 8.153 8.26 2.189 2.817 1.834 3.134 0.457 0.609
0 0 29.583 2.904 0.135 1.013 53.26 0.404 1.25 7.091 0 0.744 1.859 1.757 0
0 0.653 0.066 32.276 0.98 1.45 0.664 46.046 1.351 0.839 10.483 0.789 0.054 0.065 4.283
0 5.616 2.431 0.288 50.206 1.257 0.292 0.084 35.192 1.802 0.395 2.316 0.084 0 0.037
0 5.194 20.56 1.885 0.592 31.348 0.512 0.2 0.042 31.901 0.296 0.067 6.411 0 0.992
0 3.464 20.372 19.632 2.522 0.79 28.26 1.177 0.145 0.181 18.688 0.423 0 3.606 0.741
0.461 4.238 4.304 13.053 18.594 2.271 1.043 33.926 0.767 0.078 0.34 18.05 0.413 0.037 2.426
0 1.051 23.24 3.26 12.98 15.667 1.5 0.81 27.422 0.674 0.089 0.12 12.004 0.054 1.129
0 0.037 2.832 21.39 1.265 12.628 18.687 1.571 0.573 29.906 0.262 0.282 0.022 9.634 0.909
0.619 1.281 0.468 6.308 28.967 1.152 8.053 20.269 1.577 0.222 22.424 0.435 0.451 0.037 7.735
0 18.282 16.242 1.506 7.742 18.139 1.002 4.909 10.981 0.576 0.347 15.717 0.009 0.108 4.439
0 0.737 29.474 24.952 1.469 7.839 12.488 1.798 3.978 6.671 1.284 0.216 6.08 0.733 2.282
0.015 4.779 20.335 20.294 26.596 2.868 5.406 9.312 0.917 1.561 3.901 0.353 0.092 2.942 0.628
0.062 10.244 20.364 17.982 20.062 13.198 2.688 3.93 4.008 0.989 1.542 2.14 0.392 0.334 2.066
0.996 4.218 10.935 14.285 12.88 21.063 13.115 6.548 4.648 2.509 2.07 2.306 1.292 0.72 2.414
0 17.338 16.247 14.25 15.685 8.559 12.101 5.989 1.778 2.232 1.81 0.698 1.421 0.685 1.209
0 0.033 50.642 14.934 9.687 5.719 4.438 6.58 3.546 0.871 0.845 1.036 0.242 0.475 0.953
0 0.105 1.394 67.791 11.664 3.352 5.009 3.203 3.153 2.119 0.879 0.438 0.536 0.126 0.232
0 0.022 5.343 6.126 68.293 8.115 2.178 4.133 2.506 1.27 1.073 0.346 0.268 0.158 0.17
0.018 0.569 0.464 6.561 5.381 68.723 7.954 2.359 2.908 2.208 1.177 1.091 0.25 0.09 0.248
0.326 2.808 10.444 1.673 8.567 4.879 59.037 5.276 1.716 2.376 1.134 1.015 0.426 0.136 0.188
0.775 11.522 3.807 15.697 1.589 6.887 3.811 43.947 5.08 1.713 2.203 1.661 0.482 0.187 0.639
0.762176 9.8184 30.533 2.40166 14.4164 1.02693 3.63033 3.16686 28.0746 3.04884 1.14708 0.734035 0.494604 0.313732 0.431414
0.636408 0.563355 31.0209 27.1876 3.36137 10.6757 1.30456 2.26683 2.26623 16.1418 2.48767 0.868125 0.597375 0.281589 0.340538
0.0270272 25.2289 3.37439 35.3832 21.4334 2.28555 2.94176 0.431663 0.57857 0.982213 5.86292 0.92619 0.287423 0.103909 0.152978
2.67218 8.72506 70.8348 2.6294 6.34331 4.37837 1.12131 0.800128 0.293278 0.369626 0.116706 1.33071 0.169843 0.105394 0.109897
0.180839 40.9265 11.5379 32.9936 2.49337 5.09647 2.52332 1.13387 0.661252 0.232469 0.329852 0.34849 0.874371 0.283496 0.384211
0.0302588 0.543875 70.3106 5.90463 10.4733 1.12211 3.41281 2.05771 0.906199 1.36731 0.263968 0.33282 0.529392 2.28225 0.462826
0 3.28331 3.80619 64.419 6.92999 12.0603 1.58416 3.10933 1.82625 0.811216 0.462856 0.117057 0.190611 0.276546 1.12316
3.63502 1.13909 6.8815 3.94362 69.9858 4.93683 5.08613 0.958252 1.54978 1.08792 0.201822 0.205398 0.0606899 0.0540738 0.274077
0.291646 50.2154 1.69038 4.47021 2.47532 32.8566 2.77599 3.23338 0.760669 0.441814 0.367093 0.234895 0.0631441 0.0545013 0.0689544
3.75796 0.725735 38.3134 2.37449 4.1228 3.12032 36.8791 4.42646 3.10864 1.33052 0.616509 0.71866 0.208217 0.0929605 0.204239
7.35101 25.5346 1.49248 26.9798 1.51574 2.80453 3.03623 22.7549 4.31126 1.91183 0.943318 0.545069 0.409724 0.31437 0.0950628
0.00523155 13.7155 20.6878 1.57321 32.3238 1.76941 3.82443 2.24362 18.6833 1.98312 1.6606 0.688168 0.384223 0.227819 0.229838
0 0.0799458 8.5116 35.23 1.46006 30.9021 1.6854 2.40684 1.93668 14.7737 1.23706 1.09795 0.276652 0.116904 0.28513

##############################
#Composition Data Fleet 2
##############################

#Composition Month
7

#Composition AE Definitions
23 26 29 31 33 35 37 39 40 41 43 45 47

#Composition SS Flt2
69
105
57
71
47
69
72
46
94
67
78
58
75

#Composition Flt2 Data
0.00000000 20.480000 3.26000 1.06000 19.33000 1.03000 4.03000 16.370000 1.440000 0.720000 24.860000 0.240000 1.6700000 0.2100000 5.3200000 #_1
0.00000000 6.830000 8.03000 17.03000 17.25000 1.77000 11.37000 10.790000 1.730000 4.190000 7.600000 1.270000 0.3400000 9.7400000 2.0600000#_2
0.00000000 50.620000 10.95000 15.12000 7.86000 3.64000 3.84000 2.600000 1.300000 1.340000 0.650000 0.680000 0.8700000 0.1500000 0.3900000#_3
0.00000000 23.060000 1.63000 43.40000 13.07000 2.71000 5.14000 3.430000 1.820000 2.440000 1.440000 0.490000 0.4300000 0.4200000 0.5200000#_4
0.00000000 19.070000 1.23000 5.10000 4.78000 50.67000 6.99000 2.500000 3.990000 2.450000 1.710000 0.740000 0.4800000 0.1400000 0.1600000#_5
0.00000000 28.290000 2.16000 11.64000 1.38000 5.01000 3.25000 38.640000 3.920000 1.940000 1.700000 0.830000 0.7700000 0.3400000 0.1200000#_6
0.00000000 0.550000 29.33000 40.21000 2.29000 8.22000 1.25000 1.790000 1.930000 8.320000 3.630000 1.440000 0.2800000 0.4800000 0.2600000#_7
0.00000000 27.620000 56.32000 3.71000 2.64000 2.94000 0.70000 0.780000 0.380000 0.660000 0.970000 2.100000 0.7600000 0.3100000 0.1100000#_8
0.00000000 62.120000 9.78000 16.70000 2.26000 2.92000 1.94000 1.010000 0.500000 0.230000 0.270000 0.660000 0.9800000 0.5100000 0.1200000#_9
0.00000000 2.170000 74.97000 5.63000 8.68000 0.95000 2.20000 2.590000 0.710000 0.350000 0.100000 0.130000 0.3600000 0.7700000 0.3800000#_10
0.00000000 7.450000 9.19000 4.38000 58.98000 4.88000 7.53000 1.690000 1.680000 1.640000 0.950000 0.160000 0.2900000 0.2400000 0.9200000#_11
0.00000000 0.490000 52.73000 2.80000 3.70000 3.31000 26.02000 4.130000 2.910000 1.140000 0.910000 0.870000 0.4200000 0.3300000 0.2500000#_12
0.00000000 10.72 27.23 1.51 31.31 2.50 3.18 2.68 16.12 2.28 0.96 0.36 0.38 0.47 0.28#_13


#Aging Error, only from 1973-2020
48 # _N_ageerror_definitions

#Means
0.500000 1.500000 2.500000 3.500000 4.500000 5.50000 6.500000 7.500000 8.500000 9.500000 10.500000 11.500000 12.500000 13.500000 14.500000 15.500000 16.5000 17.5000 18.5000 19.5000 20.5000 #_1
0.500000 1.500000 2.500000 3.500000 4.500000 5.50000 6.500000 7.500000 8.500000 9.500000 10.500000 11.500000 12.500000 13.500000 14.500000 15.500000 16.5000 17.5000 18.5000 19.5000 20.5000 #_2
0.500000 1.500000 2.500000 3.500000 4.500000 5.50000 6.500000 7.500000 8.500000 9.500000 10.500000 11.500000 12.500000 13.500000 14.500000 15.500000 16.5000 17.5000 18.5000 19.5000 20.5000 #_3
0.500000 1.500000 2.500000 3.500000 4.500000 5.50000 6.500000 7.500000 8.500000 9.500000 10.500000 11.500000 12.500000 13.500000 14.500000 15.500000 16.5000 17.5000 18.5000 19.5000 20.5000 #_4
0.500000 1.500000 2.500000 3.500000 4.500000 5.50000 6.500000 7.500000 8.500000 9.500000 10.500000 11.500000 12.500000 13.500000 14.500000 15.500000 16.5000 17.5000 18.5000 19.5000 20.5000 #_5
0.500000 1.500000 2.500000 3.500000 4.500000 5.50000 6.500000 7.500000 8.500000 9.500000 10.500000 11.500000 12.500000 13.500000 14.500000 15.500000 16.5000 17.5000 18.5000 19.5000 20.5000 #_6
0.500000 1.500000 2.500000 3.500000 4.500000 5.50000 6.500000 7.500000 8.500000 9.500000 10.500000 11.500000 12.500000 13.500000 14.500000 15.500000 16.5000 17.5000 18.5000 19.5000 20.5000 #_7
0.500000 1.500000 2.500000 3.500000 4.500000 5.50000 6.500000 7.500000 8.500000 9.500000 10.500000 11.500000 12.500000 13.500000 14.500000 15.500000 16.5000 17.5000 18.5000 19.5000 20.5000 #_8
0.500000 1.500000 2.500000 3.500000 4.500000 5.50000 6.500000 7.500000 8.500000 9.500000 10.500000 11.500000 12.500000 13.500000 14.500000 15.500000 16.5000 17.5000 18.5000 19.5000 20.5000 #_9
0.500000 1.500000 2.500000 3.500000 4.500000 5.50000 6.500000 7.500000 8.500000 9.500000 10.500000 11.500000 12.500000 13.500000 14.500000 15.500000 16.5000 17.5000 18.5000 19.5000 20.5000 #_10
0.500000 1.500000 2.500000 3.500000 4.500000 5.50000 6.500000 7.500000 8.500000 9.500000 10.500000 11.500000 12.500000 13.500000 14.500000 15.500000 16.5000 17.5000 18.5000 19.5000 20.5000 #_11
0.500000 1.500000 2.500000 3.500000 4.500000 5.50000 6.500000 7.500000 8.500000 9.500000 10.500000 11.500000 12.500000 13.500000 14.500000 15.500000 16.5000 17.5000 18.5000 19.5000 20.5000 #_12
0.500000 1.500000 2.500000 3.500000 4.500000 5.50000 6.500000 7.500000 8.500000 9.500000 10.500000 11.500000 12.500000 13.500000 14.500000 15.500000 16.5000 17.5000 18.5000 19.5000 20.5000 #_13
0.500000 1.500000 2.500000 3.500000 4.500000 5.50000 6.500000 7.500000 8.500000 9.500000 10.500000 11.500000 12.500000 13.500000 14.500000 15.500000 16.5000 17.5000 18.5000 19.5000 20.5000 #_14
0.500000 1.500000 2.500000 3.500000 4.500000 5.50000 6.500000 7.500000 8.500000 9.500000 10.500000 11.500000 12.500000 13.500000 14.500000 15.500000 16.5000 17.5000 18.5000 19.5000 20.5000 #_15
0.500000 1.500000 2.500000 3.500000 4.500000 5.50000 6.500000 7.500000 8.500000 9.500000 10.500000 11.500000 12.500000 13.500000 14.500000 15.500000 16.5000 17.5000 18.5000 19.5000 20.5000 #_16
0.500000 1.500000 2.500000 3.500000 4.500000 5.50000 6.500000 7.500000 8.500000 9.500000 10.500000 11.500000 12.500000 13.500000 14.500000 15.500000 16.5000 17.5000 18.5000 19.5000 20.5000 #_17
0.500000 1.500000 2.500000 3.500000 4.500000 5.50000 6.500000 7.500000 8.500000 9.500000 10.500000 11.500000 12.500000 13.500000 14.500000 15.500000 16.5000 17.5000 18.5000 19.5000 20.5000 #_18
0.500000 1.500000 2.500000 3.500000 4.500000 5.50000 6.500000 7.500000 8.500000 9.500000 10.500000 11.500000 12.500000 13.500000 14.500000 15.500000 16.5000 17.5000 18.5000 19.5000 20.5000 #_19
0.500000 1.500000 2.500000 3.500000 4.500000 5.50000 6.500000 7.500000 8.500000 9.500000 10.500000 11.500000 12.500000 13.500000 14.500000 15.500000 16.5000 17.5000 18.5000 19.5000 20.5000 #_20
0.500000 1.500000 2.500000 3.500000 4.500000 5.50000 6.500000 7.500000 8.500000 9.500000 10.500000 11.500000 12.500000 13.500000 14.500000 15.500000 16.5000 17.5000 18.5000 19.5000 20.5000 #_21
0.500000 1.500000 2.500000 3.500000 4.500000 5.50000 6.500000 7.500000 8.500000 9.500000 10.500000 11.500000 12.500000 13.500000 14.500000 15.500000 16.5000 17.5000 18.5000 19.5000 20.5000 #_22
0.500000 1.500000 2.500000 3.500000 4.500000 5.50000 6.500000 7.500000 8.500000 9.500000 10.500000 11.500000 12.500000 13.500000 14.500000 15.500000 16.5000 17.5000 18.5000 19.5000 20.5000 #_23
0.500000 1.500000 2.500000 3.500000 4.500000 5.50000 6.500000 7.500000 8.500000 9.500000 10.500000 11.500000 12.500000 13.500000 14.500000 15.500000 16.5000 17.5000 18.5000 19.5000 20.5000 #_24
0.500000 1.500000 2.500000 3.500000 4.500000 5.50000 6.500000 7.500000 8.500000 9.500000 10.500000 11.500000 12.500000 13.500000 14.500000 15.500000 16.5000 17.5000 18.5000 19.5000 20.5000 #_25
0.500000 1.500000 2.500000 3.500000 4.500000 5.50000 6.500000 7.500000 8.500000 9.500000 10.500000 11.500000 12.500000 13.500000 14.500000 15.500000 16.5000 17.5000 18.5000 19.5000 20.5000 #_26
0.500000 1.500000 2.500000 3.500000 4.500000 5.50000 6.500000 7.500000 8.500000 9.500000 10.500000 11.500000 12.500000 13.500000 14.500000 15.500000 16.5000 17.5000 18.5000 19.5000 20.5000 #_27
0.500000 1.500000 2.500000 3.500000 4.500000 5.50000 6.500000 7.500000 8.500000 9.500000 10.500000 11.500000 12.500000 13.500000 14.500000 15.500000 16.5000 17.5000 18.5000 19.5000 20.5000 #_28
0.500000 1.500000 2.500000 3.500000 4.500000 5.50000 6.500000 7.500000 8.500000 9.500000 10.500000 11.500000 12.500000 13.500000 14.500000 15.500000 16.5000 17.5000 18.5000 19.5000 20.5000 #_29
0.500000 1.500000 2.500000 3.500000 4.500000 5.50000 6.500000 7.500000 8.500000 9.500000 10.500000 11.500000 12.500000 13.500000 14.500000 15.500000 16.5000 17.5000 18.5000 19.5000 20.5000 #_30
0.500000 1.500000 2.500000 3.500000 4.500000 5.50000 6.500000 7.500000 8.500000 9.500000 10.500000 11.500000 12.500000 13.500000 14.500000 15.500000 16.5000 17.5000 18.5000 19.5000 20.5000 #_31
0.500000 1.500000 2.500000 3.500000 4.500000 5.50000 6.500000 7.500000 8.500000 9.500000 10.500000 11.500000 12.500000 13.500000 14.500000 15.500000 16.5000 17.5000 18.5000 19.5000 20.5000 #_32
0.500000 1.500000 2.500000 3.500000 4.500000 5.50000 6.500000 7.500000 8.500000 9.500000 10.500000 11.500000 12.500000 13.500000 14.500000 15.500000 16.5000 17.5000 18.5000 19.5000 20.5000 #_33
0.500000 1.500000 2.500000 3.500000 4.500000 5.50000 6.500000 7.500000 8.500000 9.500000 10.500000 11.500000 12.500000 13.500000 14.500000 15.500000 16.5000 17.5000 18.5000 19.5000 20.5000 #_34
0.500000 1.500000 2.500000 3.500000 4.500000 5.50000 6.500000 7.500000 8.500000 9.500000 10.500000 11.500000 12.500000 13.500000 14.500000 15.500000 16.5000 17.5000 18.5000 19.5000 20.5000 #_35
0.500000 1.500000 2.500000 3.500000 4.500000 5.50000 6.500000 7.500000 8.500000 9.500000 10.500000 11.500000 12.500000 13.500000 14.500000 15.500000 16.5000 17.5000 18.5000 19.5000 20.5000 #_36
0.500000 1.500000 2.500000 3.500000 4.500000 5.50000 6.500000 7.500000 8.500000 9.500000 10.500000 11.500000 12.500000 13.500000 14.500000 15.500000 16.5000 17.5000 18.5000 19.5000 20.5000 #_37
0.500000 1.500000 2.500000 3.500000 4.500000 5.50000 6.500000 7.500000 8.500000 9.500000 10.500000 11.500000 12.500000 13.500000 14.500000 15.500000 16.5000 17.5000 18.5000 19.5000 20.5000 #_38
0.500000 1.500000 2.500000 3.500000 4.500000 5.50000 6.500000 7.500000 8.500000 9.500000 10.500000 11.500000 12.500000 13.500000 14.500000 15.500000 16.5000 17.5000 18.5000 19.5000 20.5000 #_39
0.500000 1.500000 2.500000 3.500000 4.500000 5.50000 6.500000 7.500000 8.500000 9.500000 10.500000 11.500000 12.500000 13.500000 14.500000 15.500000 16.5000 17.5000 18.5000 19.5000 20.5000 #_40
0.500000 1.500000 2.500000 3.500000 4.500000 5.50000 6.500000 7.500000 8.500000 9.500000 10.500000 11.500000 12.500000 13.500000 14.500000 15.500000 16.5000 17.5000 18.5000 19.5000 20.5000 #_41
0.500000 1.500000 2.500000 3.500000 4.500000 5.50000 6.500000 7.500000 8.500000 9.500000 10.500000 11.500000 12.500000 13.500000 14.500000 15.500000 16.5000 17.5000 18.5000 19.5000 20.5000 #_42
0.500000 1.500000 2.500000 3.500000 4.500000 5.50000 6.500000 7.500000 8.500000 9.500000 10.500000 11.500000 12.500000 13.500000 14.500000 15.500000 16.5000 17.5000 18.5000 19.5000 20.5000 #_43
0.500000 1.500000 2.500000 3.500000 4.500000 5.50000 6.500000 7.500000 8.500000 9.500000 10.500000 11.500000 12.500000 13.500000 14.500000 15.500000 16.5000 17.5000 18.5000 19.5000 20.5000 #_44
0.500000 1.500000 2.500000 3.500000 4.500000 5.50000 6.500000 7.500000 8.500000 9.500000 10.500000 11.500000 12.500000 13.500000 14.500000 15.500000 16.5000 17.5000 18.5000 19.5000 20.5000 #_45
0.500000 1.500000 2.500000 3.500000 4.500000 5.50000 6.500000 7.500000 8.500000 9.500000 10.500000 11.500000 12.500000 13.500000 14.500000 15.500000 16.5000 17.5000 18.5000 19.5000 20.5000 #_46
0.500000 1.500000 2.500000 3.500000 4.500000 5.50000 6.500000 7.500000 8.500000 9.500000 10.500000 11.500000 12.500000 13.500000 14.500000 15.500000 16.5000 17.5000 18.5000 19.5000 20.5000 #_47
0.500000 1.500000 2.500000 3.500000 4.500000 5.50000 6.500000 7.500000 8.500000 9.500000 10.500000 11.500000 12.500000 13.500000 14.500000 15.500000 16.5000 17.5000 18.5000 19.5000 20.5000 #_48

#SEs
0.329242 0.329242 0.346917 0.368632 0.395312 0.42809 0.468362 0.517841 0.578630 0.653316 0.745076 0.857813 0.996322 1.166500 1.375570 1.632440 1.8580 2.1720 2.5300 2.9340 3.3880 #_1
0.329242 0.329242 0.346917 0.368632 0.395312 0.42809 0.468362 0.517841 0.578630 0.653316 0.745076 0.857813 0.996322 1.166500 1.375570 1.632440 1.8580 2.1720 2.5300 2.9340 3.3880 #_2
0.329242 0.329242 0.346917 0.368632 0.395312 0.42809 0.468362 0.517841 0.578630 0.653316 0.745076 0.857813 0.996322 1.166500 1.375570 1.632440 1.8580 2.1720 2.5300 2.9340 3.3880 #_4
0.329242 0.329242 0.346917 0.368632 0.395312 0.42809 0.468362 0.517841 0.578630 0.653316 0.745076 0.857813 0.996322 1.166500 1.375570 1.632440 1.8580 2.1720 2.5300 2.9340 3.3880 #_6
0.329242 0.329242 0.346917 0.368632 0.395312 0.42809 0.468362 0.517841 0.578630 0.653316 0.745076 0.857813 0.996322 1.166500 1.375570 1.632440 1.8580 2.1720 2.5300 2.9340 3.3880 #_8
0.329242 0.329242 0.346917 0.368632 0.395312 0.42809 0.468362 0.517841 0.578630 0.653316 0.745076 0.857813 0.996322 1.166500 1.375570 1.632440 1.8580 2.1720 2.5300 2.9340 3.3880 #_10
0.329242 0.329242 0.346917 0.368632 0.395312 0.42809 0.468362 0.517841 0.578630 0.653316 0.745076 0.857813 0.996322 1.166500 1.375570 1.632440 1.8580 2.1720 2.5300 2.9340 3.3880 #_12
0.329242 0.329242 0.346917 0.368632 0.395312 0.42809 0.468362 0.517841 0.578630 0.653316 0.745076 0.857813 0.996322 1.166500 1.375570 1.632440 1.8580 2.1720 2.5300 2.9340 3.3880 #_14
0.329242 0.329242 0.346917 0.368632 0.395312 0.42809 0.468362 0.517841 0.578630 0.653316 0.745076 0.857813 0.996322 1.166500 1.375570 1.632440 1.8580 2.1720 2.5300 2.9340 3.3880 #_16
0.329242 0.329242 0.190804 0.368632 0.395312 0.42809 0.468362 0.517841 0.578630 0.653316 0.745076 0.857813 0.996322 1.166500 1.375570 1.632440 1.8580 2.1720 2.5300 2.9340 3.3880 #_20
0.329242 0.329242 0.346917 0.202748 0.395312 0.42809 0.468362 0.517841 0.578630 0.653316 0.745076 0.857813 0.996322 1.166500 1.375570 1.632440 1.8580 2.1720 2.5300 2.9340 3.3880 #_22
0.329242 0.329242 0.346917 0.368632 0.217422 0.42809 0.468362 0.517841 0.578630 0.653316 0.745076 0.857813 0.996322 1.166500 1.375570 1.632440 1.8580 2.1720 2.5300 2.9340 3.3880 #_24
0.329242 0.329242 0.346917 0.368632 0.395312 0.23545 0.468362 0.517841 0.578630 0.653316 0.745076 0.857813 0.996322 1.166500 1.375570 1.632440 1.8580 2.1720 2.5300 2.9340 3.3880 #_26
0.329242 0.329242 0.190804 0.368632 0.395312 0.42809 0.257599 0.517841 0.578630 0.653316 0.745076 0.857813 0.996322 1.166500 1.375570 1.632440 1.8580 2.1720 2.5300 2.9340 3.3880 #_28
0.329242 0.329242 0.346917 0.202748 0.395312 0.42809 0.468362 0.284813 0.578630 0.653316 0.745076 0.857813 0.996322 1.166500 1.375570 1.632440 1.8580 2.1720 2.5300 2.9340 3.3880 #_30
0.329242 0.329242 0.346917 0.368632 0.217422 0.42809 0.468362 0.517841 0.318246 0.653316 0.745076 0.857813 0.996322 1.166500 1.375570 1.632440 1.8580 2.1720 2.5300 2.9340 3.3880 #_32
0.329242 0.329242 0.346917 0.368632 0.395312 0.23545 0.468362 0.517841 0.578630 0.359324 0.745076 0.857813 0.996322 1.166500 1.375570 1.632440 1.8580 2.1720 2.5300 2.9340 3.3880 #_34
0.329242 0.329242 0.346917 0.368632 0.395312 0.42809 0.257599 0.517841 0.578630 0.653316 0.409792 0.857813 0.996322 1.166500 1.375570 1.632440 1.8580 2.1720 2.5300 2.9340 3.3880 #_36
0.329242 0.329242 0.346917 0.368632 0.395312 0.42809 0.468362 0.284813 0.578630 0.653316 0.745076 0.471797 0.996322 1.166500 1.375570 1.632440 1.8580 2.1720 2.5300 2.9340 3.3880 #_38
0.329242 0.329242 0.346917 0.368632 0.395312 0.42809 0.468362 0.517841 0.318246 0.653316 0.745076 0.857813 0.547977 1.166500 1.375570 1.632440 1.8580 2.1720 2.5300 2.9340 3.3880 #_40
0.329242 0.329242 0.346917 0.368632 0.395312 0.42809 0.468362 0.517841 0.578630 0.359324 0.745076 0.857813 0.996322 0.641575 1.375570 1.632440 1.8580 2.1720 2.5300 2.9340 3.3880 #_42
0.329242 0.329242 0.346917 0.368632 0.395312 0.42809 0.468362 0.517841 0.578630 0.653316 0.409792 0.857813 0.996322 1.166500 0.756564 1.632440 1.8580 2.1720 2.5300 2.9340 3.3880 #_44
0.329242 0.329242 0.346917 0.368632 0.395312 0.42809 0.468362 0.517841 0.578630 0.653316 0.745076 0.471797 0.996322 1.166500 1.375570 0.897842 1.8580 2.1720 2.5300 2.9340 3.3880 #_46
0.329242 0.329242 0.346917 0.368632 0.395312 0.42809 0.468362 0.517841 0.578630 0.653316 0.745076 0.857813 0.547977 1.166500 1.375570 1.632440 1.0219 2.1720 2.5300 2.9340 3.3880 #_48
0.329242 0.329242 0.346917 0.368632 0.395312 0.42809 0.468362 0.517841 0.578630 0.653316 0.745076 0.857813 0.996322 0.641575 1.375570 1.632440 1.8580 1.1946 2.5300 2.9340 3.3880 #_50
0.329242 0.329242 0.346917 0.368632 0.395312 0.42809 0.468362 0.517841 0.578630 0.653316 0.745076 0.857813 0.996322 1.166500 0.756564 1.632440 1.8580 2.1720 1.3915 2.9340 3.3880 #_52
0.329242 0.329242 0.346917 0.368632 0.395312 0.42809 0.468362 0.517841 0.578630 0.653316 0.745076 0.857813 0.996322 1.166500 1.375570 0.897842 1.8580 2.1720 2.5300 1.6137 3.3880 #_54
0.329242 0.329242 0.346917 0.368632 0.395312 0.42809 0.468362 0.517841 0.578630 0.653316 0.745076 0.857813 0.996322 1.166500 1.375570 1.632440 1.0219 2.1720 2.5300 2.9340 1.8634 #_56
0.329242 0.329242 0.190804 0.368632 0.395312 0.42809 0.468362 0.517841 0.578630 0.653316 0.745076 0.857813 0.996322 1.166500 1.375570 1.632440 1.8580 1.1946 2.5300 2.9340 3.3880 #_58
0.329242 0.329242 0.346917 0.202748 0.395312 0.42809 0.468362 0.517841 0.578630 0.653316 0.745076 0.857813 0.996322 1.166500 1.375570 1.632440 1.8580 2.1720 1.3915 2.9340 3.3880 #_60
0.329242 0.329242 0.346917 0.368632 0.217422 0.42809 0.468362 0.517841 0.578630 0.653316 0.745076 0.857813 0.996322 1.166500 1.375570 1.632440 1.8580 2.1720 2.5300 1.6137 3.3880 #_62
0.329242 0.329242 0.346917 0.368632 0.395312 0.23545 0.468362 0.517841 0.578630 0.653316 0.745076 0.857813 0.996322 1.166500 1.375570 1.632440 1.8580 2.1720 2.5300 2.9340 1.8634 #_64
0.329242 0.329242 0.346917 0.368632 0.395312 0.42809 0.257599 0.517841 0.578630 0.653316 0.745076 0.857813 0.996322 1.166500 1.375570 1.632440 1.8580 2.1720 2.5300 2.9340 3.3880 #_66
0.329242 0.329242 0.346917 0.368632 0.395312 0.42809 0.468362 0.284813 0.578630 0.653316 0.745076 0.857813 0.996322 1.166500 1.375570 1.632440 1.8580 2.1720 2.5300 2.9340 3.3880 #_68
0.329242 0.329242 0.346917 0.368632 0.395312 0.42809 0.468362 0.517841 0.318246 0.653316 0.745076 0.857813 0.996322 1.166500 1.375570 1.632440 1.8580 2.1720 2.5300 2.9340 3.3880 #_70
0.329242 0.329242 0.346917 0.368632 0.395312 0.42809 0.468362 0.517841 0.578630 0.359324 0.745076 0.857813 0.996322 1.166500 1.375570 1.632440 1.8580 2.1720 2.5300 2.9340 3.3880 #_72
0.329242 0.329242 0.346917 0.368632 0.395312 0.42809 0.468362 0.517841 0.578630 0.653316 0.409792 0.857813 0.996322 1.166500 1.375570 1.632440 1.8580 2.1720 2.5300 2.9340 3.3880 #_74
0.329242 0.329242 0.346917 0.368632 0.395312 0.42809 0.468362 0.517841 0.578630 0.653316 0.745076 0.471797 0.996322 1.166500 1.375570 1.632440 1.8580 2.1720 2.5300 2.9340 3.3880 #_76
0.329242 0.329242 0.346917 0.368632 0.395312 0.42809 0.468362 0.517841 0.578630 0.653316 0.745076 0.857813 0.547977 1.166500 1.375570 1.632440 1.8580 2.1720 2.5300 2.9340 3.3880 #_78
0.329242 0.329242 0.190804 0.368632 0.395312 0.42809 0.468362 0.517841 0.578630 0.653316 0.745076 0.857813 0.996322 0.641575 1.375570 1.632440 1.8580 2.1720 2.5300 2.9340 3.3880 #_80
0.329242 0.329242 0.346917 0.202748 0.395312 0.42809 0.468362 0.517841 0.578630 0.653316 0.745076 0.857813 0.996322 1.166500 0.756564 1.632440 1.8580 2.1720 2.5300 2.9340 3.3880 #_82
0.329242 0.329242 0.346917 0.368632 0.217422 0.42809 0.468362 0.517841 0.578630 0.653316 0.745076 0.857813 0.996322 1.166500 1.375570 0.897842 1.8580 2.1720 2.5300 2.9340 3.3880 #_84
0.329242 0.329242 0.346917 0.368632 0.395312 0.23545 0.468362 0.517841 0.578630 0.653316 0.745076 0.857813 0.996322 1.166500 1.375570 1.632440 1.0219 2.1720 2.5300 2.9340 3.3880 #_86
0.329242 0.329242 0.190804 0.368632 0.395312 0.42809 0.257599 0.517841 0.578630 0.653316 0.745076 0.857813 0.996322 1.166500 1.375570 1.632440 1.8580 1.1946 2.5300 2.9340 3.3880 #_88
0.329242 0.329242 0.346917 0.202748 0.395312 0.42809 0.468362 0.284813 0.578630 0.653316 0.745076 0.857813 0.996322 1.166500 1.375570 1.632440 1.8580 2.1720 1.3915 2.9340 3.3880 #_90
0.329242 0.329242 0.346917 0.368632 0.217422 0.42809 0.468362 0.517841 0.318246 0.653316 0.745076 0.857813 0.996322 1.166500 1.375570 1.632440 1.8580 2.1720 2.5300 1.6137 3.3880 #_92
0.329242 0.329242 0.346917 0.368632 0.395312 0.2354495 0.468362 0.517841 0.57863 0.3593238 0.745076 0.857813 0.996322 1.1665 1.37557 1.63244 1.858 2.172 2.53 2.934 1.8634        #2019
0.329242 0.329242 0.346917 0.368632 0.395312 0.42809 0.257599 0.517841 0.57863 0.653316 0.409792 0.857813 0.996322 1.1665 1.37557 1.63244 1.858 2.172 2.53 2.934 3.388            #2020

#Wt-at-Age for pop in the start of the year
1940
0.0135 0.0921 0.2575 0.3833 0.4855 0.5326 0.58180 0.65380 0.71140 0.77750 0.8437 0.9246 0.9645 1.0613 1.00190 1.03480 1.03480 1.03480 1.03480 1.03480 1.03480

1975 2023
0.0550 0.1575 0.2987 0.3658 0.6143 0.6306 0.78730 0.87380 0.96780 0.90750 0.9700 1.6933 1.5000 1.9000 1.95550 2.74450 2.74450 2.74450 2.74450 2.74450 2.74450
0.0550 0.0986 0.2359 0.4990 0.5188 0.6936 0.80380 0.91650 1.20630 1.33350 1.4495 1.6507 1.8066 1.8588 1.95550 2.74450 2.74450 2.74450 2.74450 2.74450 2.74450
0.0550 0.0855 0.4009 0.4919 0.5965 0.6722 0.75840 0.83610 0.97280 1.08790 1.1996 1.2700 1.3482 1.6398 1.99800 2.13380 2.13380 2.13380 2.13380 2.13380 2.13380
0.0517 0.0725 0.1275 0.4699 0.5302 0.6026 0.63920 0.73970 0.84220 0.98110 1.0997 1.2459 1.3295 1.4814 1.74190 2.33530 2.33530 2.33530 2.33530 2.33530 2.33530
0.0484 0.0763 0.2410 0.2587 0.5821 0.6868 0.76770 0.89090 0.91280 1.03690 1.1987 1.2482 1.5326 1.5520 1.79500 1.98170 1.98170 1.98170 1.98170 1.98170 1.98170
0.0452 0.0800 0.2125 0.4529 0.3922 0.4904 0.51660 0.65540 0.71360 0.87400 1.0626 1.1623 1.2898 1.3001 1.26990 1.39610 1.39610 1.39610 1.39610 1.39610 1.39610
0.0419 0.1074 0.2137 0.3422 0.5264 0.3933 0.52540 0.54620 0.74640 0.72040 0.8231 1.0413 1.0989 1.3449 1.49260 1.21280 1.21280 1.21280 1.21280 1.21280 1.21280
0.0386 0.1181 0.2465 0.3336 0.3123 0.5575 0.40210 0.53380 0.57100 0.76980 0.6997 0.8618 1.0597 0.9367 1.02770 1.16930 1.16930 1.16930 1.16930 1.16930 1.16930
0.0353 0.1287 0.1357 0.3410 0.3694 0.3277 0.52000 0.50280 0.61790 0.70600 0.8800 0.9299 1.0356 1.0310 1.32170 1.48230 1.48230 1.48230 1.48230 1.48230 1.48230
0.0321 0.1315 0.1642 0.2493 0.4384 0.4113 0.43520 0.58720 0.58020 0.67580 0.7010 0.9513 1.1364 1.0258 1.28070 1.88000 1.88000 1.88000 1.88000 1.88000 1.88000
0.0288 0.1740 0.2215 0.2511 0.4071 0.5454 0.53820 0.55800 0.70040 0.63060 0.6711 0.8584 0.7533 0.9458 0.67590 0.85730 0.85730 0.85730 0.85730 0.85730 0.85730
0.0255 0.1555 0.2780 0.2906 0.3024 0.3735 0.54260 0.57200 0.64210 0.82090 0.9403 1.1860 1.1900 1.3737 1.68000 1.61420 1.61420 1.61420 1.61420 1.61420 1.61420
0.0222 0.1478 0.1388 0.3790 0.2786 0.2870 0.36210 0.57750 0.59750 0.63690 0.7638 0.9820 0.9250 1.2407 1.20310 1.41570 1.41570 1.41570 1.41570 1.41570 1.41570
0.0190 0.1400 0.1870 0.3189 0.4711 0.3690 0.37300 0.51640 0.64730 0.68830 0.7184 0.9212 1.0929 1.0208 1.45000 1.45390 1.45390 1.45390 1.45390 1.45390 1.45390
0.0157 0.1389 0.2737 0.3120 0.2931 0.5158 0.43860 0.40640 0.51670 0.65090 0.6736 0.6298 0.9105 0.6686 0.82820 1.17090 1.17090 1.17090 1.17090 1.17090 1.17090
0.0156 0.1378 0.2435 0.3520 0.4039 0.5176 0.55880 0.64420 0.66580 0.53000 0.7776 0.8148 2.2000 1.1873 1.01660 1.44950 1.44950 1.44950 1.44950 1.44950 1.44950
0.0156 0.1367 0.2754 0.3697 0.4598 0.5138 0.54370 0.59070 0.72100 0.84970 1.0997 0.7185 0.6403 1.0187 1.20510 2.38280 2.38280 2.38280 2.38280 2.38280 2.38280
0.0155 0.1356 0.2316 0.3473 0.4743 0.5334 0.58170 0.62100 0.64060 0.65300 0.6330 0.7217 0.7354 0.8501 0.97500 1.02720 1.02720 1.02720 1.02720 1.02720 1.02720
0.0155 0.1274 0.2486 0.3384 0.3960 0.4539 0.49350 0.50170 0.48800 0.54910 0.5100 1.2630 1.0250 0.6135 0.59950 0.68500 0.68500 0.68500 0.68500 0.68500 0.68500
0.0154 0.1191 0.3000 0.3626 0.4469 0.4473 0.52620 0.57000 0.62180 0.55980 0.6341 0.4850 0.6491 0.7300 0.70130 0.74550 0.74550 0.74550 0.74550 0.74550 0.74550
0.0154 0.1108 0.2682 0.3418 0.4876 0.5367 0.65060 0.62490 0.65970 0.75600 0.6670 0.7445 0.7998 0.9101 0.68040 0.80080 0.80080 0.80080 0.80080 0.80080 0.80080
0.0153 0.1018 0.2876 0.3982 0.4674 0.5317 0.56510 0.65090 0.59570 0.63620 0.6049 0.7500 0.6756 0.8109 1.48530 0.75090 0.75090 0.75090 0.75090 0.75090 0.75090
0.0153 0.0928 0.3555 0.4322 0.4931 0.5476 0.54530 0.58330 0.58550 0.60710 0.6315 0.8633 0.5946 0.7118 0.66180 0.86930 0.86930 0.86930 0.86930 0.86930 0.86930
0.0152 0.0838 0.2098 0.3592 0.5050 0.5176 0.54130 0.63440 0.60790 0.67120 0.7829 0.7128 0.7907 0.7733 0.74370 0.79420 0.79420 0.79420 0.79420 0.79420 0.79420
0.0152 0.1368 0.2502 0.3455 0.4251 0.5265 0.55690 0.57270 0.61170 0.70300 0.6650 0.7989 0.7554 0.8787 0.73480 0.81870 0.81870 0.81870 0.81870 0.81870 0.81870
0.0151 0.1899 0.3852 0.4740 0.5766 0.6598 0.71760 0.72790 0.75390 0.83780 0.8159 0.8814 0.8554 0.9391 0.87440 0.93360 0.93360 0.93360 0.93360 0.93360 0.93360
0.0151 0.0512 0.2867 0.4843 0.6527 0.6645 0.74690 0.86290 0.85550 0.88020 0.9630 0.9790 1.0054 1.0494 0.99270 0.97680 0.97680 0.97680 0.97680 0.97680 0.97680
0.0150 0.0756 0.3583 0.4563 0.5824 0.7448 0.72300 0.78010 0.91370 0.85710 0.8768 0.9030 0.8378 0.8378 1.08050 1.04690 1.04690 1.04690 1.04690 1.04690 1.04690
0.0150 0.1000 0.2551 0.4355 0.5225 0.5885 0.75500 0.69190 0.74690 0.82460 0.7685 0.8927 0.9266 0.7894 0.84140 0.99650 0.99650 0.99650 0.99650 0.99650 0.99650
0.0149 0.1081 0.2050 0.4360 0.4806 0.5319 0.64790 0.70730 0.65790 0.70920 0.8049 0.8580 0.7716 0.9706 0.86360 0.89610 0.89610 0.89610 0.89610 0.89610 0.89610
0.0149 0.1162 0.2603 0.4312 0.5086 0.5394 0.56820 0.63360 0.65500 0.70280 0.7963 0.8105 0.8109 0.7601 1.14490 0.96760 0.96760 0.96760 0.96760 0.96760 0.96760
0.0148 0.1324 0.3831 0.4575 0.5341 0.5740 0.59100 0.59790 0.65600 0.69970 0.7259 0.7220 0.7753 0.6580 0.63990 0.95500 0.95500 0.95500 0.95500 0.95500 0.95500
0.0148 0.0445 0.2284 0.4175 0.5370 0.5642 0.60730 0.63280 0.64760 0.70550 0.7723 0.7627 0.8137 0.8702 0.80080 0.86980 0.86980 0.86980 0.86980 0.86980 0.86980
0.0142 0.1346 0.2440 0.4079 0.5630 0.6365 0.68650 0.68180 0.70980 0.72110 0.7488 0.8073 0.8483 0.7755 0.88340 0.83320 0.83320 0.83320 0.83320 0.83320 0.83320
0.0135 0.0654 0.2463 0.3406 0.4623 0.6284 0.65670 0.67230 0.74830 0.81400 0.7603 0.8087 1.0293 0.8403 0.97940 1.03340 1.03340 1.03340 1.03340 1.03340 1.03340
0.0129 0.1089 0.2326 0.2918 0.4332 0.5302 0.65820 0.83490 1.08280 1.02760 0.9582 0.8763 0.8524 1.1253 0.72000 0.90210 0.90210 0.90210 0.90210 0.90210 0.90210
0.0123 0.0844 0.2457 0.3219 0.3867 0.5142 0.59500 0.67470 0.85340 0.92940 0.9781 1.0749 1.0588 1.0279 1.05570 0.92120 0.92120 0.92120 0.92120 0.92120 0.92120
0.0117 0.1290 0.2145 0.3536 0.4094 0.4889 0.65620 0.69060 0.77760 0.90740 0.9626 0.9642 0.9638 0.9893 0.99250 0.94270 0.94270 0.94270 0.94270 0.94270 0.94270
0.0110 0.1297 0.2874 0.3595 0.4697 0.5104 0.62600 0.71650 0.73100 0.83130 0.9989 1.0752 1.2303 1.1187 1.06820 1.05450 1.05450 1.05450 1.05450 1.05450 1.05450
0.0104 0.1028 0.4080 0.4686 0.4797 0.5362 0.57410 0.61980 0.65900 0.71740 0.6950 1.1645 1.0150 0.9491 0.96740 1.05790 1.05790 1.05790 1.05790 1.05790 1.05790
0.0098 0.0759 0.2471 0.3905 0.4445 0.4708 0.55310 0.59480 0.67490 0.68790 0.7179 0.8337 0.9523 1.0185 1.08930 1.24930 1.24930 1.24930 1.24930 1.24930 1.24930
0.0092 0.1653 0.2439 0.3831 0.4164 0.4410 0.46570 0.51350 0.51820 0.51340 0.6617 0.7198 0.5921 0.9564 1.45100 1.45410 1.45410 1.45410 1.45410 1.45410 1.45410
0.0085 0.1403 0.3115 0.4016 0.4857 0.5264 0.56130 0.55370 0.58050 0.65550 0.6127 0.7202 0.7990 0.7750 0.81450 0.93270 0.93270 0.93270 0.93270 0.93270 0.93270
0.0143 0.1870 0.3544 0.4633 0.5029 0.5357 0.55180 0.61740 0.58960 0.63930 0.6431 0.6761 0.6887 0.7238 0.89700 1.07000 1.07000 1.07000 1.07000 1.07000 1.07000
0.0200 0.0677 0.2872 0.4459 0.5524 0.5402 0.61060 0.62680 0.67140 0.68280 0.7290 0.7687 0.7150 0.8283 0.88880 0.94060 0.94060 0.94060 0.94060 0.94060 0.94060
0.0200 0.0677 0.3450 0.4761 0.5076 0.5607 0.56970 0.59080 0.60050 0.63990 0.6465 0.7007 0.6337 0.8390 0.87400 0.93500 0.93500 0.93500 0.93500 0.93500 0.93500
0.0144 0.1256 0.3084 0.4340 0.4930 0.5208 0.55182 0.58044 0.59204 0.62618 0.6586 0.7171 0.6857 0.8245 0.98506 1.06648 1.06648 1.06648 1.06648 1.06648 1.06648
0.0144 0.1256 0.3084 0.4340 0.4930 0.5208 0.55182 0.58044 0.59204 0.62618 0.6586 0.7171 0.6857 0.8245 0.98506 1.06648 1.06648 1.06648 1.06648 1.06648 1.06648
0.0144 0.1256 0.3084 0.4340 0.4930 0.5208 0.55182 0.58044 0.59204 0.62618 0.6586 0.7171 0.6857 0.8245 0.98506 1.06648 1.06648 1.06648 1.06648 1.06648 1.06648

#Wt-at-Age for pop in the middle of the year
1940
0.0135 0.0921 0.2575 0.3833 0.4855 0.5326 0.58180 0.65380 0.71140 0.77750 0.8437 0.9246 0.9645 1.0613 1.00190 1.03480 1.03480 1.03480 1.03480 1.03480 1.03480

1975 2023
0.0550 0.1575 0.2987 0.3658 0.6143 0.6306 0.78730 0.87380 0.96780 0.90750 0.9700 1.6933 1.5000 1.9000 1.95550 2.74450 2.74450 2.74450 2.74450 2.74450 2.74450
0.0550 0.0986 0.2359 0.4990 0.5188 0.6936 0.80380 0.91650 1.20630 1.33350 1.4495 1.6507 1.8066 1.8588 1.95550 2.74450 2.74450 2.74450 2.74450 2.74450 2.74450
0.0550 0.0855 0.4009 0.4919 0.5965 0.6722 0.75840 0.83610 0.97280 1.08790 1.1996 1.2700 1.3482 1.6398 1.99800 2.13380 2.13380 2.13380 2.13380 2.13380 2.13380
0.0517 0.0725 0.1275 0.4699 0.5302 0.6026 0.63920 0.73970 0.84220 0.98110 1.0997 1.2459 1.3295 1.4814 1.74190 2.33530 2.33530 2.33530 2.33530 2.33530 2.33530
0.0484 0.0763 0.2410 0.2587 0.5821 0.6868 0.76770 0.89090 0.91280 1.03690 1.1987 1.2482 1.5326 1.5520 1.79500 1.98170 1.98170 1.98170 1.98170 1.98170 1.98170
0.0452 0.0800 0.2125 0.4529 0.3922 0.4904 0.51660 0.65540 0.71360 0.87400 1.0626 1.1623 1.2898 1.3001 1.26990 1.39610 1.39610 1.39610 1.39610 1.39610 1.39610
0.0419 0.1074 0.2137 0.3422 0.5264 0.3933 0.52540 0.54620 0.74640 0.72040 0.8231 1.0413 1.0989 1.3449 1.49260 1.21280 1.21280 1.21280 1.21280 1.21280 1.21280
0.0386 0.1181 0.2465 0.3336 0.3123 0.5575 0.40210 0.53380 0.57100 0.76980 0.6997 0.8618 1.0597 0.9367 1.02770 1.16930 1.16930 1.16930 1.16930 1.16930 1.16930
0.0353 0.1287 0.1357 0.3410 0.3694 0.3277 0.52000 0.50280 0.61790 0.70600 0.8800 0.9299 1.0356 1.0310 1.32170 1.48230 1.48230 1.48230 1.48230 1.48230 1.48230
0.0321 0.1315 0.1642 0.2493 0.4384 0.4113 0.43520 0.58720 0.58020 0.67580 0.7010 0.9513 1.1364 1.0258 1.28070 1.88000 1.88000 1.88000 1.88000 1.88000 1.88000
0.0288 0.1740 0.2215 0.2511 0.4071 0.5454 0.53820 0.55800 0.70040 0.63060 0.6711 0.8584 0.7533 0.9458 0.67590 0.85730 0.85730 0.85730 0.85730 0.85730 0.85730
0.0255 0.1555 0.2780 0.2906 0.3024 0.3735 0.54260 0.57200 0.64210 0.82090 0.9403 1.1860 1.1900 1.3737 1.68000 1.61420 1.61420 1.61420 1.61420 1.61420 1.61420
0.0222 0.1478 0.1388 0.3790 0.2786 0.2870 0.36210 0.57750 0.59750 0.63690 0.7638 0.9820 0.9250 1.2407 1.20310 1.41570 1.41570 1.41570 1.41570 1.41570 1.41570
0.0190 0.1400 0.1870 0.3189 0.4711 0.3690 0.37300 0.51640 0.64730 0.68830 0.7184 0.9212 1.0929 1.0208 1.45000 1.45390 1.45390 1.45390 1.45390 1.45390 1.45390
0.0157 0.1389 0.2737 0.3120 0.2931 0.5158 0.43860 0.40640 0.51670 0.65090 0.6736 0.6298 0.9105 0.6686 0.82820 1.17090 1.17090 1.17090 1.17090 1.17090 1.17090
0.0156 0.1378 0.2435 0.3520 0.4039 0.5176 0.55880 0.64420 0.66580 0.53000 0.7776 0.8148 2.2000 1.1873 1.01660 1.44950 1.44950 1.44950 1.44950 1.44950 1.44950
0.0156 0.1367 0.2754 0.3697 0.4598 0.5138 0.54370 0.59070 0.72100 0.84970 1.0997 0.7185 0.6403 1.0187 1.20510 2.38280 2.38280 2.38280 2.38280 2.38280 2.38280
0.0155 0.1356 0.2316 0.3473 0.4743 0.5334 0.58170 0.62100 0.64060 0.65300 0.6330 0.7217 0.7354 0.8501 0.97500 1.02720 1.02720 1.02720 1.02720 1.02720 1.02720
0.0155 0.1274 0.2486 0.3384 0.3960 0.4539 0.49350 0.50170 0.48800 0.54910 0.5100 1.2630 1.0250 0.6135 0.59950 0.68500 0.68500 0.68500 0.68500 0.68500 0.68500
0.0154 0.1191 0.3000 0.3626 0.4469 0.4473 0.52620 0.57000 0.62180 0.55980 0.6341 0.4850 0.6491 0.7300 0.70130 0.74550 0.74550 0.74550 0.74550 0.74550 0.74550
0.0154 0.1108 0.2682 0.3418 0.4876 0.5367 0.65060 0.62490 0.65970 0.75600 0.6670 0.7445 0.7998 0.9101 0.68040 0.80080 0.80080 0.80080 0.80080 0.80080 0.80080
0.0153 0.1018 0.2876 0.3982 0.4674 0.5317 0.56510 0.65090 0.59570 0.63620 0.6049 0.7500 0.6756 0.8109 1.48530 0.75090 0.75090 0.75090 0.75090 0.75090 0.75090
0.0153 0.0928 0.3555 0.4322 0.4931 0.5476 0.54530 0.58330 0.58550 0.60710 0.6315 0.8633 0.5946 0.7118 0.66180 0.86930 0.86930 0.86930 0.86930 0.86930 0.86930
0.0152 0.0838 0.2098 0.3592 0.5050 0.5176 0.54130 0.63440 0.60790 0.67120 0.7829 0.7128 0.7907 0.7733 0.74370 0.79420 0.79420 0.79420 0.79420 0.79420 0.79420
0.0152 0.1368 0.2502 0.3455 0.4251 0.5265 0.55690 0.57270 0.61170 0.70300 0.6650 0.7989 0.7554 0.8787 0.73480 0.81870 0.81870 0.81870 0.81870 0.81870 0.81870
0.0151 0.1899 0.3852 0.4740 0.5766 0.6598 0.71760 0.72790 0.75390 0.83780 0.8159 0.8814 0.8554 0.9391 0.87440 0.93360 0.93360 0.93360 0.93360 0.93360 0.93360
0.0151 0.0512 0.2867 0.4843 0.6527 0.6645 0.74690 0.86290 0.85550 0.88020 0.9630 0.9790 1.0054 1.0494 0.99270 0.97680 0.97680 0.97680 0.97680 0.97680 0.97680
0.0150 0.0756 0.3583 0.4563 0.5824 0.7448 0.72300 0.78010 0.91370 0.85710 0.8768 0.9030 0.8378 0.8378 1.08050 1.04690 1.04690 1.04690 1.04690 1.04690 1.04690
0.0150 0.1000 0.2551 0.4355 0.5225 0.5885 0.75500 0.69190 0.74690 0.82460 0.7685 0.8927 0.9266 0.7894 0.84140 0.99650 0.99650 0.99650 0.99650 0.99650 0.99650
0.0149 0.1081 0.2050 0.4360 0.4806 0.5319 0.64790 0.70730 0.65790 0.70920 0.8049 0.8580 0.7716 0.9706 0.86360 0.89610 0.89610 0.89610 0.89610 0.89610 0.89610
0.0149 0.1162 0.2603 0.4312 0.5086 0.5394 0.56820 0.63360 0.65500 0.70280 0.7963 0.8105 0.8109 0.7601 1.14490 0.96760 0.96760 0.96760 0.96760 0.96760 0.96760
0.0148 0.1324 0.3831 0.4575 0.5341 0.5740 0.59100 0.59790 0.65600 0.69970 0.7259 0.7220 0.7753 0.6580 0.63990 0.95500 0.95500 0.95500 0.95500 0.95500 0.95500
0.0148 0.0445 0.2284 0.4175 0.5370 0.5642 0.60730 0.63280 0.64760 0.70550 0.7723 0.7627 0.8137 0.8702 0.80080 0.86980 0.86980 0.86980 0.86980 0.86980 0.86980
0.0142 0.1346 0.2440 0.4079 0.5630 0.6365 0.68650 0.68180 0.70980 0.72110 0.7488 0.8073 0.8483 0.7755 0.88340 0.83320 0.83320 0.83320 0.83320 0.83320 0.83320
0.0135 0.0654 0.2463 0.3406 0.4623 0.6284 0.65670 0.67230 0.74830 0.81400 0.7603 0.8087 1.0293 0.8403 0.97940 1.03340 1.03340 1.03340 1.03340 1.03340 1.03340
0.0129 0.1089 0.2326 0.2918 0.4332 0.5302 0.65820 0.83490 1.08280 1.02760 0.9582 0.8763 0.8524 1.1253 0.72000 0.90210 0.90210 0.90210 0.90210 0.90210 0.90210
0.0123 0.0844 0.2457 0.3219 0.3867 0.5142 0.59500 0.67470 0.85340 0.92940 0.9781 1.0749 1.0588 1.0279 1.05570 0.92120 0.92120 0.92120 0.92120 0.92120 0.92120
0.0117 0.1290 0.2145 0.3536 0.4094 0.4889 0.65620 0.69060 0.77760 0.90740 0.9626 0.9642 0.9638 0.9893 0.99250 0.94270 0.94270 0.94270 0.94270 0.94270 0.94270
0.0110 0.1297 0.2874 0.3595 0.4697 0.5104 0.62600 0.71650 0.73100 0.83130 0.9989 1.0752 1.2303 1.1187 1.06820 1.05450 1.05450 1.05450 1.05450 1.05450 1.05450
0.0104 0.1028 0.4080 0.4686 0.4797 0.5362 0.57410 0.61980 0.65900 0.71740 0.6950 1.1645 1.0150 0.9491 0.96740 1.05790 1.05790 1.05790 1.05790 1.05790 1.05790
0.0098 0.0759 0.2471 0.3905 0.4445 0.4708 0.55310 0.59480 0.67490 0.68790 0.7179 0.8337 0.9523 1.0185 1.08930 1.24930 1.24930 1.24930 1.24930 1.24930 1.24930
0.0092 0.1653 0.2439 0.3831 0.4164 0.4410 0.46570 0.51350 0.51820 0.51340 0.6617 0.7198 0.5921 0.9564 1.45100 1.45410 1.45410 1.45410 1.45410 1.45410 1.45410
0.0085 0.1403 0.3115 0.4016 0.4857 0.5264 0.56130 0.55370 0.58050 0.65550 0.6127 0.7202 0.7990 0.7750 0.81450 0.93270 0.93270 0.93270 0.93270 0.93270 0.93270
0.0143 0.1870 0.3544 0.4633 0.5029 0.5357 0.55180 0.61740 0.58960 0.63930 0.6431 0.6761 0.6887 0.7238 0.89700 1.07000 1.07000 1.07000 1.07000 1.07000 1.07000
0.0200 0.0677 0.2872 0.4459 0.5524 0.5402 0.61060 0.62680 0.67140 0.68280 0.7290 0.7687 0.7150 0.8283 0.88880 0.94060 0.94060 0.94060 0.94060 0.94060 0.94060
0.0200 0.0677 0.3450 0.4761 0.5076 0.5607 0.56970 0.59080 0.60050 0.63990 0.6465 0.7007 0.6337 0.8390 0.87400 0.93500 0.93500 0.93500 0.93500 0.93500 0.93500
0.0144 0.1256 0.3084 0.4340 0.4930 0.5208 0.55182 0.58044 0.59204 0.62618 0.6586 0.7171 0.6857 0.8245 0.98506 1.06648 1.06648 1.06648 1.06648 1.06648 1.06648
0.0144 0.1256 0.3084 0.4340 0.4930 0.5208 0.55182 0.58044 0.59204 0.62618 0.6586 0.7171 0.6857 0.8245 0.98506 1.06648 1.06648 1.06648 1.06648 1.06648 1.06648
0.0144 0.1256 0.3084 0.4340 0.4930 0.5208 0.55182 0.58044 0.59204 0.62618 0.6586 0.7171 0.6857 0.8245 0.98506 1.06648 1.06648 1.06648 1.06648 1.06648 1.06648

#Wt at age for fleet 1
1940
0.0135 0.0921 0.2575 0.3833 0.4855 0.5326 0.58180 0.65380 0.71140 0.77750 0.8437 0.9246 0.9645 1.0613 1.00190 1.03480 1.03480 1.03480 1.03480 1.03480 1.03480

1975 2023
0.0550 0.1575 0.2987 0.3658 0.6143 0.6306 0.78730 0.87380 0.96780 0.90750 0.9700 1.6933 1.5000 1.9000 1.95550 2.74450 2.74450 2.74450 2.74450 2.74450 2.74450
0.0550 0.0986 0.2359 0.4990 0.5188 0.6936 0.80380 0.91650 1.20630 1.33350 1.4495 1.6507 1.8066 1.8588 1.95550 2.74450 2.74450 2.74450 2.74450 2.74450 2.74450
0.0550 0.0855 0.4009 0.4919 0.5965 0.6722 0.75840 0.83610 0.97280 1.08790 1.1996 1.2700 1.3482 1.6398 1.99800 2.13380 2.13380 2.13380 2.13380 2.13380 2.13380
0.0517 0.0725 0.1275 0.4699 0.5302 0.6026 0.63920 0.73970 0.84220 0.98110 1.0997 1.2459 1.3295 1.4814 1.74190 2.33530 2.33530 2.33530 2.33530 2.33530 2.33530
0.0484 0.0763 0.2410 0.2587 0.5821 0.6868 0.76770 0.89090 0.91280 1.03690 1.1987 1.2482 1.5326 1.5520 1.79500 1.98170 1.98170 1.98170 1.98170 1.98170 1.98170
0.0452 0.0800 0.2125 0.4529 0.3922 0.4904 0.51660 0.65540 0.71360 0.87400 1.0626 1.1623 1.2898 1.3001 1.26990 1.39610 1.39610 1.39610 1.39610 1.39610 1.39610
0.0419 0.1074 0.2137 0.3422 0.5264 0.3933 0.52540 0.54620 0.74640 0.72040 0.8231 1.0413 1.0989 1.3449 1.49260 1.21280 1.21280 1.21280 1.21280 1.21280 1.21280
0.0386 0.1181 0.2465 0.3336 0.3123 0.5575 0.40210 0.53380 0.57100 0.76980 0.6997 0.8618 1.0597 0.9367 1.02770 1.16930 1.16930 1.16930 1.16930 1.16930 1.16930
0.0353 0.1287 0.1357 0.3410 0.3694 0.3277 0.52000 0.50280 0.61790 0.70600 0.8800 0.9299 1.0356 1.0310 1.32170 1.48230 1.48230 1.48230 1.48230 1.48230 1.48230
0.0321 0.1315 0.1642 0.2493 0.4384 0.4113 0.43520 0.58720 0.58020 0.67580 0.7010 0.9513 1.1364 1.0258 1.28070 1.88000 1.88000 1.88000 1.88000 1.88000 1.88000
0.0288 0.1740 0.2215 0.2511 0.4071 0.5454 0.53820 0.55800 0.70040 0.63060 0.6711 0.8584 0.7533 0.9458 0.67590 0.85730 0.85730 0.85730 0.85730 0.85730 0.85730
0.0255 0.1555 0.2780 0.2906 0.3024 0.3735 0.54260 0.57200 0.64210 0.82090 0.9403 1.1860 1.1900 1.3737 1.68000 1.61420 1.61420 1.61420 1.61420 1.61420 1.61420
0.0222 0.1478 0.1388 0.3790 0.2786 0.2870 0.36210 0.57750 0.59750 0.63690 0.7638 0.9820 0.9250 1.2407 1.20310 1.41570 1.41570 1.41570 1.41570 1.41570 1.41570
0.0190 0.1400 0.1870 0.3189 0.4711 0.3690 0.37300 0.51640 0.64730 0.68830 0.7184 0.9212 1.0929 1.0208 1.45000 1.45390 1.45390 1.45390 1.45390 1.45390 1.45390
0.0157 0.1389 0.2737 0.3120 0.2931 0.5158 0.43860 0.40640 0.51670 0.65090 0.6736 0.6298 0.9105 0.6686 0.82820 1.17090 1.17090 1.17090 1.17090 1.17090 1.17090
0.0156 0.1378 0.2435 0.3520 0.4039 0.5176 0.55880 0.64420 0.66580 0.53000 0.7776 0.8148 2.2000 1.1873 1.01660 1.44950 1.44950 1.44950 1.44950 1.44950 1.44950
0.0156 0.1367 0.2754 0.3697 0.4598 0.5138 0.54370 0.59070 0.72100 0.84970 1.0997 0.7185 0.6403 1.0187 1.20510 2.38280 2.38280 2.38280 2.38280 2.38280 2.38280
0.0155 0.1356 0.2316 0.3473 0.4743 0.5334 0.58170 0.62100 0.64060 0.65300 0.6330 0.7217 0.7354 0.8501 0.97500 1.02720 1.02720 1.02720 1.02720 1.02720 1.02720
0.0155 0.1274 0.2486 0.3384 0.3960 0.4539 0.49350 0.50170 0.48800 0.54910 0.5100 1.2630 1.0250 0.6135 0.59950 0.68500 0.68500 0.68500 0.68500 0.68500 0.68500
0.0154 0.1191 0.3000 0.3626 0.4469 0.4473 0.52620 0.57000 0.62180 0.55980 0.6341 0.4850 0.6491 0.7300 0.70130 0.74550 0.74550 0.74550 0.74550 0.74550 0.74550
0.0154 0.1108 0.2682 0.3418 0.4876 0.5367 0.65060 0.62490 0.65970 0.75600 0.6670 0.7445 0.7998 0.9101 0.68040 0.80080 0.80080 0.80080 0.80080 0.80080 0.80080
0.0153 0.1018 0.2876 0.3982 0.4674 0.5317 0.56510 0.65090 0.59570 0.63620 0.6049 0.7500 0.6756 0.8109 1.48530 0.75090 0.75090 0.75090 0.75090 0.75090 0.75090
0.0153 0.0928 0.3555 0.4322 0.4931 0.5476 0.54530 0.58330 0.58550 0.60710 0.6315 0.8633 0.5946 0.7118 0.66180 0.86930 0.86930 0.86930 0.86930 0.86930 0.86930
0.0152 0.0838 0.2098 0.3592 0.5050 0.5176 0.54130 0.63440 0.60790 0.67120 0.7829 0.7128 0.7907 0.7733 0.74370 0.79420 0.79420 0.79420 0.79420 0.79420 0.79420
0.0152 0.1368 0.2502 0.3455 0.4251 0.5265 0.55690 0.57270 0.61170 0.70300 0.6650 0.7989 0.7554 0.8787 0.73480 0.81870 0.81870 0.81870 0.81870 0.81870 0.81870
0.0151 0.1899 0.3852 0.4740 0.5766 0.6598 0.71760 0.72790 0.75390 0.83780 0.8159 0.8814 0.8554 0.9391 0.87440 0.93360 0.93360 0.93360 0.93360 0.93360 0.93360
0.0151 0.0512 0.2867 0.4843 0.6527 0.6645 0.74690 0.86290 0.85550 0.88020 0.9630 0.9790 1.0054 1.0494 0.99270 0.97680 0.97680 0.97680 0.97680 0.97680 0.97680
0.0150 0.0756 0.3583 0.4563 0.5824 0.7448 0.72300 0.78010 0.91370 0.85710 0.8768 0.9030 0.8378 0.8378 1.08050 1.04690 1.04690 1.04690 1.04690 1.04690 1.04690
0.0150 0.1000 0.2551 0.4355 0.5225 0.5885 0.75500 0.69190 0.74690 0.82460 0.7685 0.8927 0.9266 0.7894 0.84140 0.99650 0.99650 0.99650 0.99650 0.99650 0.99650
0.0149 0.1081 0.2050 0.4360 0.4806 0.5319 0.64790 0.70730 0.65790 0.70920 0.8049 0.8580 0.7716 0.9706 0.86360 0.89610 0.89610 0.89610 0.89610 0.89610 0.89610
0.0149 0.1162 0.2603 0.4312 0.5086 0.5394 0.56820 0.63360 0.65500 0.70280 0.7963 0.8105 0.8109 0.7601 1.14490 0.96760 0.96760 0.96760 0.96760 0.96760 0.96760
0.0148 0.1324 0.3831 0.4575 0.5341 0.5740 0.59100 0.59790 0.65600 0.69970 0.7259 0.7220 0.7753 0.6580 0.63990 0.95500 0.95500 0.95500 0.95500 0.95500 0.95500
0.0148 0.0445 0.2284 0.4175 0.5370 0.5642 0.60730 0.63280 0.64760 0.70550 0.7723 0.7627 0.8137 0.8702 0.80080 0.86980 0.86980 0.86980 0.86980 0.86980 0.86980
0.0142 0.1346 0.2440 0.4079 0.5630 0.6365 0.68650 0.68180 0.70980 0.72110 0.7488 0.8073 0.8483 0.7755 0.88340 0.83320 0.83320 0.83320 0.83320 0.83320 0.83320
0.0135 0.0654 0.2463 0.3406 0.4623 0.6284 0.65670 0.67230 0.74830 0.81400 0.7603 0.8087 1.0293 0.8403 0.97940 1.03340 1.03340 1.03340 1.03340 1.03340 1.03340
0.0129 0.1089 0.2326 0.2918 0.4332 0.5302 0.65820 0.83490 1.08280 1.02760 0.9582 0.8763 0.8524 1.1253 0.72000 0.90210 0.90210 0.90210 0.90210 0.90210 0.90210
0.0123 0.0844 0.2457 0.3219 0.3867 0.5142 0.59500 0.67470 0.85340 0.92940 0.9781 1.0749 1.0588 1.0279 1.05570 0.92120 0.92120 0.92120 0.92120 0.92120 0.92120
0.0117 0.1290 0.2145 0.3536 0.4094 0.4889 0.65620 0.69060 0.77760 0.90740 0.9626 0.9642 0.9638 0.9893 0.99250 0.94270 0.94270 0.94270 0.94270 0.94270 0.94270
0.0110 0.1297 0.2874 0.3595 0.4697 0.5104 0.62600 0.71650 0.73100 0.83130 0.9989 1.0752 1.2303 1.1187 1.06820 1.05450 1.05450 1.05450 1.05450 1.05450 1.05450
0.0104 0.1028 0.4080 0.4686 0.4797 0.5362 0.57410 0.61980 0.65900 0.71740 0.6950 1.1645 1.0150 0.9491 0.96740 1.05790 1.05790 1.05790 1.05790 1.05790 1.05790
0.0098 0.0759 0.2471 0.3905 0.4445 0.4708 0.55310 0.59480 0.67490 0.68790 0.7179 0.8337 0.9523 1.0185 1.08930 1.24930 1.24930 1.24930 1.24930 1.24930 1.24930
0.0092 0.1653 0.2439 0.3831 0.4164 0.4410 0.46570 0.51350 0.51820 0.51340 0.6617 0.7198 0.5921 0.9564 1.45100 1.45410 1.45410 1.45410 1.45410 1.45410 1.45410
0.0085 0.1403 0.3115 0.4016 0.4857 0.5264 0.56130 0.55370 0.58050 0.65550 0.6127 0.7202 0.7990 0.7750 0.81450 0.93270 0.93270 0.93270 0.93270 0.93270 0.93270
0.0143 0.1870 0.3544 0.4633 0.5029 0.5357 0.55180 0.61740 0.58960 0.63930 0.6431 0.6761 0.6887 0.7238 0.89700 1.07000 1.07000 1.07000 1.07000 1.07000 1.07000
0.0200 0.0677 0.2872 0.4459 0.5524 0.5402 0.61060 0.62680 0.67140 0.68280 0.7290 0.7687 0.7150 0.8283 0.88880 0.94060 0.94060 0.94060 0.94060 0.94060 0.94060
0.0200 0.0677 0.3450 0.4761 0.5076 0.5607 0.56970 0.59080 0.60050 0.63990 0.6465 0.7007 0.6337 0.8390 0.87400 0.93500 0.93500 0.93500 0.93500 0.93500 0.93500
0.0144 0.1256 0.3084 0.4340 0.4930 0.5208 0.55182 0.58044 0.59204 0.62618 0.6586 0.7171 0.6857 0.8245 0.98506 1.06648 1.06648 1.06648 1.06648 1.06648 1.06648
0.0144 0.1256 0.3084 0.4340 0.4930 0.5208 0.55182 0.58044 0.59204 0.62618 0.6586 0.7171 0.6857 0.8245 0.98506 1.06648 1.06648 1.06648 1.06648 1.06648 1.06648
0.0144 0.1256 0.3084 0.4340 0.4930 0.5208 0.55182 0.58044 0.59204 0.62618 0.6586 0.7171 0.6857 0.8245 0.98506 1.06648 1.06648 1.06648 1.06648 1.06648 1.06648

#Wt at age for fleet 2
1940
0.0135 0.0921 0.2575 0.3833 0.4855 0.5326 0.58180 0.65380 0.71140 0.77750 0.8437 0.9246 0.9645 1.0613 1.00190 1.03480 1.03480 1.03480 1.03480 1.03480 1.03480

1975 2023
0.0550 0.1575 0.2987 0.3658 0.6143 0.6306 0.78730 0.87380 0.96780 0.90750 0.9700 1.6933 1.5000 1.9000 1.95550 2.74450 2.74450 2.74450 2.74450 2.74450 2.74450
0.0550 0.0986 0.2359 0.4990 0.5188 0.6936 0.80380 0.91650 1.20630 1.33350 1.4495 1.6507 1.8066 1.8588 1.95550 2.74450 2.74450 2.74450 2.74450 2.74450 2.74450
0.0550 0.0855 0.4009 0.4919 0.5965 0.6722 0.75840 0.83610 0.97280 1.08790 1.1996 1.2700 1.3482 1.6398 1.99800 2.13380 2.13380 2.13380 2.13380 2.13380 2.13380
0.0517 0.0725 0.1275 0.4699 0.5302 0.6026 0.63920 0.73970 0.84220 0.98110 1.0997 1.2459 1.3295 1.4814 1.74190 2.33530 2.33530 2.33530 2.33530 2.33530 2.33530
0.0484 0.0763 0.2410 0.2587 0.5821 0.6868 0.76770 0.89090 0.91280 1.03690 1.1987 1.2482 1.5326 1.5520 1.79500 1.98170 1.98170 1.98170 1.98170 1.98170 1.98170
0.0452 0.0800 0.2125 0.4529 0.3922 0.4904 0.51660 0.65540 0.71360 0.87400 1.0626 1.1623 1.2898 1.3001 1.26990 1.39610 1.39610 1.39610 1.39610 1.39610 1.39610
0.0419 0.1074 0.2137 0.3422 0.5264 0.3933 0.52540 0.54620 0.74640 0.72040 0.8231 1.0413 1.0989 1.3449 1.49260 1.21280 1.21280 1.21280 1.21280 1.21280 1.21280
0.0386 0.1181 0.2465 0.3336 0.3123 0.5575 0.40210 0.53380 0.57100 0.76980 0.6997 0.8618 1.0597 0.9367 1.02770 1.16930 1.16930 1.16930 1.16930 1.16930 1.16930
0.0353 0.1287 0.1357 0.3410 0.3694 0.3277 0.52000 0.50280 0.61790 0.70600 0.8800 0.9299 1.0356 1.0310 1.32170 1.48230 1.48230 1.48230 1.48230 1.48230 1.48230
0.0321 0.1315 0.1642 0.2493 0.4384 0.4113 0.43520 0.58720 0.58020 0.67580 0.7010 0.9513 1.1364 1.0258 1.28070 1.88000 1.88000 1.88000 1.88000 1.88000 1.88000
0.0288 0.1740 0.2215 0.2511 0.4071 0.5454 0.53820 0.55800 0.70040 0.63060 0.6711 0.8584 0.7533 0.9458 0.67590 0.85730 0.85730 0.85730 0.85730 0.85730 0.85730
0.0255 0.1555 0.2780 0.2906 0.3024 0.3735 0.54260 0.57200 0.64210 0.82090 0.9403 1.1860 1.1900 1.3737 1.68000 1.61420 1.61420 1.61420 1.61420 1.61420 1.61420
0.0222 0.1478 0.1388 0.3790 0.2786 0.2870 0.36210 0.57750 0.59750 0.63690 0.7638 0.9820 0.9250 1.2407 1.20310 1.41570 1.41570 1.41570 1.41570 1.41570 1.41570
0.0190 0.1400 0.1870 0.3189 0.4711 0.3690 0.37300 0.51640 0.64730 0.68830 0.7184 0.9212 1.0929 1.0208 1.45000 1.45390 1.45390 1.45390 1.45390 1.45390 1.45390
0.0157 0.1389 0.2737 0.3120 0.2931 0.5158 0.43860 0.40640 0.51670 0.65090 0.6736 0.6298 0.9105 0.6686 0.82820 1.17090 1.17090 1.17090 1.17090 1.17090 1.17090
0.0156 0.1378 0.2435 0.3520 0.4039 0.5176 0.55880 0.64420 0.66580 0.53000 0.7776 0.8148 2.2000 1.1873 1.01660 1.44950 1.44950 1.44950 1.44950 1.44950 1.44950
0.0156 0.1367 0.2754 0.3697 0.4598 0.5138 0.54370 0.59070 0.72100 0.84970 1.0997 0.7185 0.6403 1.0187 1.20510 2.38280 2.38280 2.38280 2.38280 2.38280 2.38280
0.0155 0.1356 0.2316 0.3473 0.4743 0.5334 0.58170 0.62100 0.64060 0.65300 0.6330 0.7217 0.7354 0.8501 0.97500 1.02720 1.02720 1.02720 1.02720 1.02720 1.02720
0.0155 0.1274 0.2486 0.3384 0.3960 0.4539 0.49350 0.50170 0.48800 0.54910 0.5100 1.2630 1.0250 0.6135 0.59950 0.68500 0.68500 0.68500 0.68500 0.68500 0.68500
0.0154 0.1191 0.3000 0.3626 0.4469 0.4473 0.52620 0.57000 0.62180 0.55980 0.6341 0.4850 0.6491 0.7300 0.70130 0.74550 0.74550 0.74550 0.74550 0.74550 0.74550
0.0154 0.1108 0.2682 0.3418 0.4876 0.5367 0.65060 0.62490 0.65970 0.75600 0.6670 0.7445 0.7998 0.9101 0.68040 0.80080 0.80080 0.80080 0.80080 0.80080 0.80080
0.0153 0.1018 0.2876 0.3982 0.4674 0.5317 0.56510 0.65090 0.59570 0.63620 0.6049 0.7500 0.6756 0.8109 1.48530 0.75090 0.75090 0.75090 0.75090 0.75090 0.75090
0.0153 0.0928 0.3555 0.4322 0.4931 0.5476 0.54530 0.58330 0.58550 0.60710 0.6315 0.8633 0.5946 0.7118 0.66180 0.86930 0.86930 0.86930 0.86930 0.86930 0.86930
0.0152 0.0838 0.2098 0.3592 0.5050 0.5176 0.54130 0.63440 0.60790 0.67120 0.7829 0.7128 0.7907 0.7733 0.74370 0.79420 0.79420 0.79420 0.79420 0.79420 0.79420
0.0152 0.1368 0.2502 0.3455 0.4251 0.5265 0.55690 0.57270 0.61170 0.70300 0.6650 0.7989 0.7554 0.8787 0.73480 0.81870 0.81870 0.81870 0.81870 0.81870 0.81870
0.0151 0.1899 0.3852 0.4740 0.5766 0.6598 0.71760 0.72790 0.75390 0.83780 0.8159 0.8814 0.8554 0.9391 0.87440 0.93360 0.93360 0.93360 0.93360 0.93360 0.93360
0.0151 0.0512 0.2867 0.4843 0.6527 0.6645 0.74690 0.86290 0.85550 0.88020 0.9630 0.9790 1.0054 1.0494 0.99270 0.97680 0.97680 0.97680 0.97680 0.97680 0.97680
0.0150 0.0756 0.3583 0.4563 0.5824 0.7448 0.72300 0.78010 0.91370 0.85710 0.8768 0.9030 0.8378 0.8378 1.08050 1.04690 1.04690 1.04690 1.04690 1.04690 1.04690
0.0150 0.1000 0.2551 0.4355 0.5225 0.5885 0.75500 0.69190 0.74690 0.82460 0.7685 0.8927 0.9266 0.7894 0.84140 0.99650 0.99650 0.99650 0.99650 0.99650 0.99650
0.0149 0.1081 0.2050 0.4360 0.4806 0.5319 0.64790 0.70730 0.65790 0.70920 0.8049 0.8580 0.7716 0.9706 0.86360 0.89610 0.89610 0.89610 0.89610 0.89610 0.89610
0.0149 0.1162 0.2603 0.4312 0.5086 0.5394 0.56820 0.63360 0.65500 0.70280 0.7963 0.8105 0.8109 0.7601 1.14490 0.96760 0.96760 0.96760 0.96760 0.96760 0.96760
0.0148 0.1324 0.3831 0.4575 0.5341 0.5740 0.59100 0.59790 0.65600 0.69970 0.7259 0.7220 0.7753 0.6580 0.63990 0.95500 0.95500 0.95500 0.95500 0.95500 0.95500
0.0148 0.0445 0.2284 0.4175 0.5370 0.5642 0.60730 0.63280 0.64760 0.70550 0.7723 0.7627 0.8137 0.8702 0.80080 0.86980 0.86980 0.86980 0.86980 0.86980 0.86980
0.0142 0.1346 0.2440 0.4079 0.5630 0.6365 0.68650 0.68180 0.70980 0.72110 0.7488 0.8073 0.8483 0.7755 0.88340 0.83320 0.83320 0.83320 0.83320 0.83320 0.83320
0.0135 0.0654 0.2463 0.3406 0.4623 0.6284 0.65670 0.67230 0.74830 0.81400 0.7603 0.8087 1.0293 0.8403 0.97940 1.03340 1.03340 1.03340 1.03340 1.03340 1.03340
0.0129 0.1089 0.2326 0.2918 0.4332 0.5302 0.65820 0.83490 1.08280 1.02760 0.9582 0.8763 0.8524 1.1253 0.72000 0.90210 0.90210 0.90210 0.90210 0.90210 0.90210
0.0123 0.0844 0.2457 0.3219 0.3867 0.5142 0.59500 0.67470 0.85340 0.92940 0.9781 1.0749 1.0588 1.0279 1.05570 0.92120 0.92120 0.92120 0.92120 0.92120 0.92120
0.0117 0.1290 0.2145 0.3536 0.4094 0.4889 0.65620 0.69060 0.77760 0.90740 0.9626 0.9642 0.9638 0.9893 0.99250 0.94270 0.94270 0.94270 0.94270 0.94270 0.94270
0.0110 0.1297 0.2874 0.3595 0.4697 0.5104 0.62600 0.71650 0.73100 0.83130 0.9989 1.0752 1.2303 1.1187 1.06820 1.05450 1.05450 1.05450 1.05450 1.05450 1.05450
0.0104 0.1028 0.4080 0.4686 0.4797 0.5362 0.57410 0.61980 0.65900 0.71740 0.6950 1.1645 1.0150 0.9491 0.96740 1.05790 1.05790 1.05790 1.05790 1.05790 1.05790
0.0098 0.0759 0.2471 0.3905 0.4445 0.4708 0.55310 0.59480 0.67490 0.68790 0.7179 0.8337 0.9523 1.0185 1.08930 1.24930 1.24930 1.24930 1.24930 1.24930 1.24930
0.0092 0.1653 0.2439 0.3831 0.4164 0.4410 0.46570 0.51350 0.51820 0.51340 0.6617 0.7198 0.5921 0.9564 1.45100 1.45410 1.45410 1.45410 1.45410 1.45410 1.45410
0.0085 0.1403 0.3115 0.4016 0.4857 0.5264 0.56130 0.55370 0.58050 0.65550 0.6127 0.7202 0.7990 0.7750 0.81450 0.93270 0.93270 0.93270 0.93270 0.93270 0.93270
0.0143 0.1870 0.3544 0.4633 0.5029 0.5357 0.55180 0.61740 0.58960 0.63930 0.6431 0.6761 0.6887 0.7238 0.89700 1.07000 1.07000 1.07000 1.07000 1.07000 1.07000
0.0200 0.0677 0.2872 0.4459 0.5524 0.5402 0.61060 0.62680 0.67140 0.68280 0.7290 0.7687 0.7150 0.8283 0.88880 0.94060 0.94060 0.94060 0.94060 0.94060 0.94060
0.0200 0.0677 0.3450 0.4761 0.5076 0.5607 0.56970 0.59080 0.60050 0.63990 0.6465 0.7007 0.6337 0.8390 0.87400 0.93500 0.93500 0.93500 0.93500 0.93500 0.93500
0.0144 0.1256 0.3084 0.4340 0.4930 0.5208 0.55182 0.58044 0.59204 0.62618 0.6586 0.7171 0.6857 0.8245 0.98506 1.06648 1.06648 1.06648 1.06648 1.06648 1.06648
0.0144 0.1256 0.3084 0.4340 0.4930 0.5208 0.55182 0.58044 0.59204 0.62618 0.6586 0.7171 0.6857 0.8245 0.98506 1.06648 1.06648 1.06648 1.06648 1.06648 1.06648
0.0144 0.1256 0.3084 0.4340 0.4930 0.5208 0.55182 0.58044 0.59204 0.62618 0.6586 0.7171 0.6857 0.8245 0.98506 1.06648 1.06648 1.06648 1.06648 1.06648 1.06648

#Maturity * Fecundity , start time series, fyear and lyear for matrix
1940 
0  0 0.0672075 0.3215887 0.4665655 0.489992 0.5399104 0.6054188 0.6808098 0.7339600 0.826826 0.8894652 0.9645 1.0167254 0.9568145 0.931320 0.931320 0.931320 0.931320 0.931320 0.931320

1975 2023
0  0 0.0779607 0.3069062 0.5903423 0.580152 0.7306144 0.8091388 0.9261846 0.8566800 0.950600 1.6289546 1.5000 1.8202000 1.8675025 2.470050 2.470050 2.470050 2.470050 2.470050 2.470050
0  0 0.0615699 0.4186610 0.4985668 0.638112 0.7459264 0.8486790 1.1544291 1.2588240 1.420510 1.5879734 1.8066 1.7807304 1.8675025 2.470050 2.470050 2.470050 2.470050 2.470050 2.470050
0  0 0.1046349 0.4127041 0.5732365 0.618424 0.7037952 0.7742286 0.9309696 1.0269776 1.175608 1.2217400 1.3482 1.5709284 1.9080900 1.920420 1.920420 1.920420 1.920420 1.920420 1.920420
0  0 0.0332775 0.3942461 0.5095222 0.554392 0.5931776 0.6849622 0.8059854 0.9261584 1.077706 1.1985558 1.3295 1.4191812 1.6635145 2.101770 2.101770 2.101770 2.101770 2.101770 2.101770
0  0 0.0629010 0.2170493 0.5593981 0.631856 0.7124256 0.8249734 0.8735496 0.9788336 1.174726 1.2007684 1.5326 1.4868160 1.7142250 1.783530 1.783530 1.783530 1.783530 1.783530 1.783530
0  0 0.0554625 0.3799831 0.3769042 0.451168 0.4794048 0.6069004 0.6829152 0.8250560 1.041348 1.1181326 1.2898 1.2454958 1.2127545 1.256490 1.256490 1.256490 1.256490 1.256490 1.256490
0  0 0.0557757 0.2871058 0.5058704 0.361836 0.4875712 0.5057812 0.7143048 0.6800576 0.806638 1.0017306 1.0989 1.2884142 1.4254330 1.091520 1.091520 1.091520 1.091520 1.091520 1.091520
0  0 0.0643365 0.2798904 0.3001203 0.512900 0.3731488 0.4942988 0.5464470 0.7266912 0.685706 0.8290516 1.0597 0.8973586 0.9814535 1.052370 1.052370 1.052370 1.052370 1.052370 1.052370
0  0 0.0354177 0.2860990 0.3549934 0.301484 0.4825600 0.4655928 0.5913303 0.6664640 0.862400 0.8945638 1.0356 0.9876980 1.2622235 1.334070 1.334070 1.334070 1.334070 1.334070 1.334070
0  0 0.0428562 0.2091627 0.4213024 0.378396 0.4038656 0.5437472 0.5552514 0.6379552 0.686980 0.9151506 1.1364 0.9827164 1.2230685 1.692000 1.692000 1.692000 1.692000 1.692000 1.692000
0  0 0.0578115 0.2106729 0.3912231 0.501768 0.4994496 0.5167080 0.6702828 0.5952864 0.657678 0.8257808 0.7533 0.9060764 0.6454845 0.771570 0.771570 0.771570 0.771570 0.771570 0.771570
0  0 0.0725580 0.2438134 0.2906064 0.343620 0.5035328 0.5296720 0.6144897 0.7749296 0.921494 1.1409320 1.1900 1.3160046 1.6044000 1.452780 1.452780 1.452780 1.452780 1.452780 1.452780
0  0 0.0362268 0.3179810 0.2677346 0.264040 0.3360288 0.5347650 0.5718075 0.6012336 0.748524 0.9446840 0.9250 1.1885906 1.1489605 1.274130 1.274130 1.274130 1.274130 1.274130 1.274130
0  0 0.0488070 0.2675571 0.4527271 0.339480 0.3461440 0.4781864 0.6194661 0.6497552 0.704032 0.8861944 1.0929 0.9779264 1.3847500 1.308510 1.308510 1.308510 1.308510 1.308510 1.308510
0  0 0.0714357 0.2617680 0.2816691 0.474536 0.4070208 0.3763264 0.4944819 0.6144496 0.660128 0.6058676 0.9105 0.6405188 0.7909310 1.053810 1.053810 1.053810 1.053810 1.053810 1.053810
0  0 0.0635535 0.2953280 0.3881479 0.476192 0.5185664 0.5965292 0.6371706 0.5003200 0.762048 0.7838376 2.2000 1.1374334 0.9708530 1.304550 1.304550 1.304550 1.304550 1.304550 1.304550
0  0 0.0718794 0.3101783 0.4418678 0.472696 0.5045536 0.5469882 0.6899970 0.8021168 1.077706 0.6911970 0.6403 0.9759146 1.1508705 2.144520 2.144520 2.144520 2.144520 2.144520 2.144520
0  0 0.0604476 0.2913847 0.4558023 0.490728 0.5398176 0.5750460 0.6130542 0.6164320 0.620340 0.6942754 0.7354 0.8143958 0.9311250 0.924480 0.924480 0.924480 0.924480 0.924480 0.924480
0  0 0.0648846 0.2839176 0.3805560 0.417588 0.4579680 0.4645742 0.4670160 0.5183504 0.499800 1.2150060 1.0250 0.5877330 0.5725225 0.616500 0.616500 0.616500 0.616500 0.616500 0.616500
0  0 0.0783000 0.3042214 0.4294709 0.411516 0.4883136 0.5278200 0.5950626 0.5284512 0.621418 0.4665700 0.6491 0.6993400 0.6697415 0.670950 0.670950 0.670950 0.670950 0.670950 0.670950
0  0 0.0700002 0.2867702 0.4685836 0.493764 0.6037568 0.5786574 0.6313329 0.7136640 0.653660 0.7162090 0.7998 0.8718758 0.6497820 0.720720 0.720720 0.720720 0.720720 0.720720 0.720720
0  0 0.0750636 0.3340898 0.4491714 0.489164 0.5244128 0.6027334 0.5700849 0.6005728 0.592802 0.7215000 0.6756 0.7768422 1.4184615 0.675810 0.675810 0.675810 0.675810 0.675810 0.675810
0  0 0.0927855 0.3626158 0.4738691 0.503792 0.5060384 0.5401358 0.5603235 0.5731024 0.618870 0.8304946 0.5946 0.6819044 0.6320190 0.782370 0.782370 0.782370 0.782370 0.782370 0.782370
0  0 0.0547578 0.3013688 0.4853050 0.476192 0.5023264 0.5874544 0.5817603 0.6336128 0.767242 0.6857136 0.7907 0.7408214 0.7102335 0.714780 0.714780 0.714780 0.714780 0.714780 0.714780
0  0 0.0653022 0.2898745 0.4085211 0.484380 0.5168032 0.5303202 0.5853969 0.6636320 0.651700 0.7685418 0.7554 0.8417946 0.7017340 0.736830 0.736830 0.736830 0.736830 0.736830 0.736830
0  0 0.1005372 0.3976860 0.5541126 0.607016 0.6659328 0.6740354 0.7214823 0.7908832 0.799582 0.8479068 0.8554 0.8996578 0.8350520 0.840240 0.840240 0.840240 0.840240 0.840240 0.840240
0  0 0.0748287 0.4063277 0.6272447 0.611340 0.6931232 0.7990454 0.8187135 0.8309088 0.943740 0.9417980 1.0054 1.0053252 0.9480285 0.879120 0.879120 0.879120 0.879120 0.879120 0.879120
0  0 0.0935163 0.3828357 0.5596864 0.685216 0.6709440 0.7223726 0.8744109 0.8091024 0.859264 0.8686860 0.8378 0.8026124 1.0318775 0.942210 0.942210 0.942210 0.942210 0.942210 0.942210
0  0 0.0665811 0.3653845 0.5021225 0.541420 0.7006400 0.6406994 0.7147833 0.7784224 0.753130 0.8587774 0.9266 0.7562452 0.8035370 0.896850 0.896850 0.896850 0.896850 0.896850 0.896850
0  0 0.0535050 0.3658040 0.4618566 0.489348 0.6012512 0.6549598 0.6296103 0.6694848 0.788802 0.8253960 0.7716 0.9298348 0.8247380 0.806490 0.806490 0.806490 0.806490 0.806490 0.806490
0  0 0.0679383 0.3617768 0.4887646 0.496248 0.5272896 0.5867136 0.6268350 0.6634432 0.780374 0.7797010 0.8109 0.7281758 1.0933795 0.870840 0.870840 0.870840 0.870840 0.870840 0.870840
0  0 0.0999891 0.3838425 0.5132701 0.528080 0.5484480 0.5536554 0.6277920 0.6605168 0.711382 0.6945640 0.7753 0.6303640 0.6111045 0.859500 0.859500 0.859500 0.859500 0.859500 0.859500
0  0 0.0596124 0.3502825 0.5160570 0.519064 0.5635744 0.5859728 0.6197532 0.6659920 0.756854 0.7337174 0.8137 0.8336516 0.7647640 0.782820 0.782820 0.782820 0.782820 0.782820 0.782820
0  0 0.0636840 0.3422281 0.5410430 0.585580 0.6370720 0.6313468 0.6792786 0.6807184 0.733824 0.7766226 0.8483 0.7429290 0.8436470 0.749880 0.749880 0.749880 0.749880 0.749880 0.749880
0  0 0.0642843 0.2857634 0.4442703 0.578128 0.6094176 0.6225498 0.7161231 0.7684160 0.745094 0.7779694 1.0293 0.8050074 0.9353270 0.930060 0.930060 0.930060 0.930060 0.930060 0.930060
0  0 0.0607086 0.2448202 0.4163052 0.487784 0.6108096 0.7731174 1.0362396 0.9700544 0.939036 0.8430006 0.8524 1.0780374 0.6876000 0.811890 0.811890 0.811890 0.811890 0.811890 0.811890
0  0 0.0641277 0.2700741 0.3716187 0.473064 0.5521600 0.6247722 0.8167038 0.8773536 0.958538 1.0340538 1.0588 0.9847282 1.0081935 0.829080 0.829080 0.829080 0.829080 0.829080 0.829080
0  0 0.0559845 0.2966704 0.3934334 0.449788 0.6089536 0.6394956 0.7441632 0.8565856 0.943348 0.9275604 0.9638 0.9477494 0.9478375 0.848430 0.848430 0.848430 0.848430 0.848430 0.848430
0  0 0.0750114 0.3016205 0.4513817 0.469568 0.5809280 0.6634790 0.6995670 0.7847472 0.978922 1.0343424 1.2303 1.0717146 1.0201310 0.949050 0.949050 0.949050 0.949050 0.949050 0.949050
0  0 0.1064880 0.3931554 0.4609917 0.493304 0.5327648 0.5739348 0.6306630 0.6772256 0.681100 1.1202490 1.0150 0.9092378 0.9238670 0.952110 0.952110 0.952110 0.952110 0.952110 0.952110
0  0 0.0644931 0.3276295 0.4271645 0.433136 0.5132768 0.5507848 0.6458793 0.6493776 0.703542 0.8020194 0.9523 0.9757230 1.0402815 1.124370 1.124370 1.124370 1.124370 1.124370 1.124370
0  0 0.0636579 0.3214209 0.4001604 0.405720 0.4321696 0.4755010 0.4959174 0.4846496 0.648466 0.6924476 0.5921 0.9162312 1.3857050 1.308690 1.308690 1.308690 1.308690 1.308690 1.308690
0  0 0.0813015 0.3369424 0.4667577 0.484288 0.5208864 0.5127262 0.5555385 0.6187920 0.600446 0.6928324 0.7990 0.7424500 0.7778475 0.839430 0.839430 0.839430 0.839430 0.839430 0.839430
0  0 0.0924984 0.3887087 0.4832869 0.492844 0.5120704 0.5717124 0.5642472 0.6034992 0.630238 0.6504082 0.6887 0.6934004 0.8566350 0.963000 0.963000 0.963000 0.963000 0.963000 0.963000
0  0 0.0749592 0.3741101 0.5308564 0.496984 0.5666368 0.5804168 0.6425298 0.6445632 0.714420 0.7394894 0.7150 0.7935114 0.8488040 0.846540 0.846540 0.846540 0.846540 0.846540 0.846540
0  0 0.0900450 0.3994479 0.4878036 0.515844 0.5286816 0.5470808 0.5746785 0.6040656 0.633570 0.6740734 0.6337 0.8037620 0.8346700 0.841500 0.841500 0.841500 0.841500 0.841500 0.841500
0  0 0.0804924 0.3641260 0.4737730 0.479136 0.5120890 0.5374874 0.5665823 0.5911139 0.645428 0.6898502 0.6857 0.7898710 0.9407323 0.959832 0.959832 0.959832 0.959832 0.959832 0.959832
0  0 0.0804924 0.3641260 0.4737730 0.479136 0.5120890 0.5374874 0.5665823 0.5911139 0.645428 0.6898502 0.6857 0.7898710 0.9407323 0.959832 0.959832 0.959832 0.959832 0.959832 0.959832
0  0 0.0804924 0.3641260 0.4737730 0.479136 0.5120890 0.5374874 0.5665823 0.5911139 0.645428 0.6898502 0.6857 0.7898710 0.9407323 0.959832 0.959832 0.959832 0.959832 0.959832 0.959832

#Test number
-9999
